0 3301
1 3328
2 3285
3 3317
4 3404
5 3339
6 3244
7 3203
8 3282
9 3242
10 3310
11 3376
12 3314
13 3248
14 3290
15 3289
16 3231
17 3323
18 3226
19 3362
20 3264
21 3230
22 3293
23 3271
24 3327
25 3280
26 3246
27 3249
28 3304
29 3229
30 3354
31 3356
32 3264
33 3261
34 3381
35 3286
36 3268
37 3223
38 3415
39 3316
40 3361
41 3135
42 3260
43 3287
44 3245
45 3271
46 3392
47 3298
48 3381
49 3329
50 3186
51 3357
52 3254
53 3268
54 3323
55 3276
56 3297
57 3290
58 3206
59 3285
60 3260
61 3383
62 3235
63 3200
64 3223
65 3371
66 3238
67 3233
68 3187
69 3369
70 3204
71 3290
72 3191
73 3272
74 3342
75 3356
76 3224
77 3304
78 3252
79 3297
80 3172
81 3243
82 3310
83 3223
84 3254
85 3385
86 3424
87 3309
88 3213
89 3293
90 3300
91 3249
92 3303
93 3284
94 3314
95 3347
96 3315
97 3301
98 3254
99 3268
100 3346
101 3342
102 3307
103 3261
104 3342
105 3293
106 3279
107 3276
108 3137
109 3298
110 3358
111 3348
112 3295
113 3302
114 3234
115 3285
116 3348
117 3328
118 3249
119 3326
120 3316
121 3224
122 3398
123 3291
124 3182
125 3209
126 3293
127 3278
